image: map2_2d.pgm
resolution: 0.100000
origin: [-8.792392, -6.472207, 0.000000]
negate: 0
occupied_thresh: 0.65
free_thresh: 0.196

