image: map2_3d.pgm
resolution: 0.100000
origin: [-8.748488, -6.177982, 0.000000]
negate: 0
occupied_thresh: 0.65
free_thresh: 0.196

